1.4  0.1164,  -0.1904,   0.0299,   0.1616,   0.0101,   0.0053,  -0.1848,   0.5108,  # 27695
1.4  0.1164,  -0.1905,   0.0299,   0.1617,   0.0102,   0.0052,  -0.1849,   0.5110,  # 27695
1.4  0.1165,  -0.1905,   0.0298,   0.1617,   0.0102,   0.0052,  -0.1850,   0.5114,  # 27695
1.4  0.1166,  -0.1903,   0.0296,   0.1617,   0.0101,   0.0052,  -0.1852,   0.5120,  # 27695
1.4  0.1169,  -0.1904,   0.0295,   0.1617,   0.0102,   0.0054,  -0.1856,   0.5128,  # 27695
1.4  0.1171,  -0.1902,   0.0291,   0.1616,   0.0103,   0.0054,  -0.1860,   0.5140,  # 27695
1.4  0.1174,  -0.1903,   0.0287,   0.1617,   0.0104,   0.0055,  -0.1865,   0.5156,  # 27695
1.4  0.1179,  -0.1902,   0.0283,   0.1616,   0.0105,   0.0057,  -0.1872,   0.5174,  # 27695
1.4  0.1184,  -0.1900,   0.0277,   0.1616,   0.0106,   0.0059,  -0.1881,   0.5196,  # 27695
1.4  0.1192,  -0.1899,   0.0270,   0.1616,   0.0108,   0.0059,  -0.1891,   0.5222,  # 27695
1.4  0.1198,  -0.1898,   0.0263,   0.1616,   0.0109,   0.0062,  -0.1901,   0.5250,  # 27695
1.4  0.1207,  -0.1896,   0.0254,   0.1615,   0.0111,   0.0065,  -0.1914,   0.5284,  # 27695
1.4  0.1215,  -0.1895,   0.0244,   0.1615,   0.0114,   0.0067,  -0.1927,   0.5320,  # 27695
1.4  0.1227,  -0.1893,   0.0232,   0.1615,   0.0116,   0.0070,  -0.1943,   0.5362,  # 27695
1.4  0.1238,  -0.1891,   0.0221,   0.1615,   0.0119,   0.0073,  -0.1961,   0.5408,  # 27695
1.4  0.1251,  -0.1888,   0.0206,   0.1614,   0.0122,   0.0077,  -0.1980,   0.5460,  # 27695
1.4  0.1263,  -0.1885,   0.0192,   0.1613,   0.0126,   0.0081,  -0.2001,   0.5516,  # 27695
1.4  0.1279,  -0.1883,   0.0175,   0.1614,   0.0130,   0.0084,  -0.2024,   0.5576,  # 27695
1.4  0.1295,  -0.1880,   0.0159,   0.1613,   0.0133,   0.0088,  -0.2048,   0.5644,  # 27695
1.4  0.1313,  -0.1876,   0.0140,   0.1612,   0.0137,   0.0093,  -0.2075,   0.5716,  # 27695
1.4  0.1331,  -0.1872,   0.0119,   0.1612,   0.0142,   0.0099,  -0.2105,   0.5794,  # 27695
1.4  0.1353,  -0.1868,   0.0096,   0.1611,   0.0148,   0.0105,  -0.2137,   0.5876,  # 27695
1.4  0.1374,  -0.1865,   0.0074,   0.1610,   0.0153,   0.0111,  -0.2169,   0.5966,  # 27695
1.4  0.1397,  -0.1860,   0.0049,   0.1610,   0.0158,   0.0117,  -0.2205,   0.6062,  # 27695
1.4  0.1422,  -0.1854,   0.0021,   0.1608,   0.0166,   0.0125,  -0.2245,   0.6164,  # 27695
1.4  0.1448,  -0.1849,  -0.0008,   0.1608,   0.0171,   0.0133,  -0.2285,   0.6274,  # 27695
1.4  0.1475,  -0.1845,  -0.0038,   0.1608,   0.0179,   0.0140,  -0.2328,   0.6390,  # 27695
1.4  0.1504,  -0.1839,  -0.0070,   0.1607,   0.0187,   0.0148,  -0.2374,   0.6512,  # 27695
1.4  0.1535,  -0.1832,  -0.0103,   0.1605,   0.0194,   0.0158,  -0.2422,   0.6640,  # 27695
1.4  0.1568,  -0.1826,  -0.0140,   0.1605,   0.0203,   0.0166,  -0.2473,   0.6776,  # 27695
1.4  0.1601,  -0.1819,  -0.0178,   0.1604,   0.0212,   0.0176,  -0.2526,   0.6918,  # 27695
1.4  0.1635,  -0.1813,  -0.0217,   0.1603,   0.0222,   0.0186,  -0.2581,   0.7068,  # 27695
1.4  0.1673,  -0.1805,  -0.0258,   0.1601,   0.0231,   0.0197,  -0.2639,   0.7224,  # 27695
1.4  0.1711,  -0.1797,  -0.0301,   0.1600,   0.0241,   0.0208,  -0.2700,   0.7388,  # 27695
1.4  0.1750,  -0.1791,  -0.0344,   0.1599,   0.0252,   0.0221,  -0.2763,   0.7558,  # 27695
1.4  0.1790,  -0.1782,  -0.0391,   0.1599,   0.0263,   0.0232,  -0.2829,   0.7734,  # 27695
1.4  0.1831,  -0.1774,  -0.0439,   0.1598,   0.0275,   0.0245,  -0.2897,   0.7918,  # 27695
1.4  0.1874,  -0.1765,  -0.0488,   0.1597,   0.0286,   0.0258,  -0.2967,   0.8108,  # 27695
1.4  0.1918,  -0.1755,  -0.0539,   0.1595,   0.0299,   0.0272,  -0.3040,   0.8302,  # 27695
1.4  0.1962,  -0.1747,  -0.0590,   0.1593,   0.0312,   0.0286,  -0.3113,   0.8504,  # 27695
1.4  0.2008,  -0.1737,  -0.0643,   0.1593,   0.0325,   0.0300,  -0.3191,   0.8710,  # 27695
1.4  0.2054,  -0.1728,  -0.0698,   0.1591,   0.0339,   0.0315,  -0.3268,   0.8922,  # 27695
1.4  0.2100,  -0.1718,  -0.0753,   0.1591,   0.0352,   0.0329,  -0.3348,   0.9140,  # 27695
1.4  0.2146,  -0.1707,  -0.0811,   0.1589,   0.0368,   0.0345,  -0.3430,   0.9360,  # 27695
1.4  0.2193,  -0.1697,  -0.0868,   0.1588,   0.0382,   0.0360,  -0.3512,   0.9586,  # 27695
1.4  0.2241,  -0.1685,  -0.0925,   0.1587,   0.0396,   0.0375,  -0.3597,   0.9814,  # 27695
1.4  0.2288,  -0.1676,  -0.0983,   0.1586,   0.0413,   0.0391,  -0.3682,   1.0044,  # 27695
1.4  0.2335,  -0.1665,  -0.1040,   0.1585,   0.0427,   0.0408,  -0.3768,   1.0278,  # 27695
1.4  0.2380,  -0.1653,  -0.1098,   0.1585,   0.0443,   0.0423,  -0.3856,   1.0514,  # 27695
1.4  0.2427,  -0.1642,  -0.1157,   0.1583,   0.0459,   0.0440,  -0.3943,   1.0752,  # 27695
1.4  0.2471,  -0.1630,  -0.1214,   0.1583,   0.0474,   0.0456,  -0.4031,   1.0990,  # 27695
1.4  0.2515,  -0.1619,  -0.1271,   0.1582,   0.0490,   0.0472,  -0.4118,   1.1228,  # 27695
1.4  0.2558,  -0.1609,  -0.1326,   0.1581,   0.0507,   0.0490,  -0.4206,   1.1464,  # 27695
1.4  0.2599,  -0.1596,  -0.1382,   0.1581,   0.0521,   0.0506,  -0.4293,   1.1702,  # 27695
1.4  0.2639,  -0.1585,  -0.1434,   0.1581,   0.0538,   0.0521,  -0.4381,   1.1936,  # 27695
1.4  0.2678,  -0.1573,  -0.1486,   0.1579,   0.0553,   0.0537,  -0.4466,   1.2170,  # 27695
1.4  0.2715,  -0.1562,  -0.1535,   0.1579,   0.0568,   0.0554,  -0.4552,   1.2400,  # 27695
1.4  0.2749,  -0.1551,  -0.1582,   0.1580,   0.0584,   0.0569,  -0.4638,   1.2628,  # 27695
1.4  0.2782,  -0.1539,  -0.1628,   0.1580,   0.0599,   0.0583,  -0.4721,   1.2850,  # 27695
1.4  0.2813,  -0.1527,  -0.1670,   0.1580,   0.0614,   0.0598,  -0.4805,   1.3070,  # 27695
1.4  0.2842,  -0.1515,  -0.1708,   0.1579,   0.0628,   0.0613,  -0.4887,   1.3286,  # 27695
1.4  0.2869,  -0.1503,  -0.1745,   0.1580,   0.0641,   0.0627,  -0.4967,   1.3494,  # 27695
1.4  0.2892,  -0.1490,  -0.1777,   0.1580,   0.0654,   0.0640,  -0.5046,   1.3698,  # 27695
1.4  0.2913,  -0.1477,  -0.1806,   0.1579,   0.0667,   0.0654,  -0.5124,   1.3898,  # 27695
1.4  0.2932,  -0.1463,  -0.1833,   0.1580,   0.0680,   0.0666,  -0.5202,   1.4090,  # 27695
1.4  0.2949,  -0.1450,  -0.1853,   0.1581,   0.0691,   0.0678,  -0.5278,   1.4276,  # 27695
1.4  0.2964,  -0.1436,  -0.1869,   0.1580,   0.0702,   0.0688,  -0.5351,   1.4454,  # 27695
1.4  0.2975,  -0.1422,  -0.1882,   0.1582,   0.0712,   0.0698,  -0.5424,   1.4626,  # 27695
1.4  0.2985,  -0.1407,  -0.1889,   0.1581,   0.0723,   0.0708,  -0.5497,   1.4792,  # 27695
1.4  0.2991,  -0.1390,  -0.1892,   0.1582,   0.0730,   0.0718,  -0.5568,   1.4950,  # 27695
1.4  0.2996,  -0.1374,  -0.1889,   0.1581,   0.0740,   0.0725,  -0.5638,   1.5100,  # 27695
1.4  0.2997,  -0.1356,  -0.1881,   0.1581,   0.0747,   0.0733,  -0.5707,   1.5242,  # 27695
1.4  0.2997,  -0.1336,  -0.1869,   0.1581,   0.0753,   0.0739,  -0.5776,   1.5378,  # 27695
1.4  0.2997,  -0.1317,  -0.1849,   0.1580,   0.0758,   0.0745,  -0.5844,   1.5506,  # 27695
1.4  0.2992,  -0.1296,  -0.1827,   0.1581,   0.0764,   0.0750,  -0.5913,   1.5626,  # 27695
1.4  0.2988,  -0.1274,  -0.1796,   0.1579,   0.0767,   0.0754,  -0.5980,   1.5740,  # 27695
1.4  0.2981,  -0.1251,  -0.1762,   0.1578,   0.0771,   0.0756,  -0.6047,   1.5846,  # 27695
1.4  0.2972,  -0.1226,  -0.1721,   0.1578,   0.0773,   0.0759,  -0.6116,   1.5944,  # 27695
1.4  0.2963,  -0.1200,  -0.1676,   0.1577,   0.0775,   0.0759,  -0.6184,   1.6036,  # 27695
1.4  0.2955,  -0.1171,  -0.1626,   0.1575,   0.0774,   0.0760,  -0.6253,   1.6122,  # 27695
1.4  0.2945,  -0.1143,  -0.1572,   0.1573,   0.0775,   0.0761,  -0.6322,   1.6200,  # 27695
1.4  0.2936,  -0.1113,  -0.1512,   0.1572,   0.0774,   0.0758,  -0.6392,   1.6272,  # 27695
1.4  0.2926,  -0.1081,  -0.1450,   0.1570,   0.0771,   0.0757,  -0.6461,   1.6338,  # 27695
1.4  0.2919,  -0.1050,  -0.1383,   0.1568,   0.0769,   0.0755,  -0.6532,   1.6398,  # 27695
1.4  0.2912,  -0.1016,  -0.1314,   0.1567,   0.0765,   0.0752,  -0.6604,   1.6452,  # 27695
1.4  0.2907,  -0.0982,  -0.1244,   0.1564,   0.0762,   0.0747,  -0.6674,   1.6500,  # 27695
1.4  0.2903,  -0.0950,  -0.1171,   0.1564,   0.0758,   0.0744,  -0.6746,   1.6544,  # 27695
1.4  0.2903,  -0.0916,  -0.1100,   0.1562,   0.0754,   0.0740,  -0.6817,   1.6582,  # 27695
1.4  0.2903,  -0.0882,  -0.1028,   0.1562,   0.0749,   0.0734,  -0.6888,   1.6618,  # 27695
1.4  0.2906,  -0.0850,  -0.0959,   0.1562,   0.0745,   0.0729,  -0.6957,   1.6648,  # 27695
1.4  0.2912,  -0.0819,  -0.0892,   0.1562,   0.0739,   0.0725,  -0.7023,   1.6674,  # 27695
1.4  0.2921,  -0.0790,  -0.0829,   0.1563,   0.0735,   0.0719,  -0.7088,   1.6698,  # 27695
1.4  0.2930,  -0.0764,  -0.0769,   0.1563,   0.0731,   0.0715,  -0.7147,   1.6716,  # 27695
1.4  0.2941,  -0.0740,  -0.0716,   0.1566,   0.0726,   0.0712,  -0.7204,   1.6734,  # 27695
1.4  0.2952,  -0.0718,  -0.0668,   0.1567,   0.0723,   0.0708,  -0.7255,   1.6748,  # 27695
1.4  0.2964,  -0.0699,  -0.0626,   0.1568,   0.0719,   0.0704,  -0.7299,   1.6760,  # 27695
1.4  0.2974,  -0.0683,  -0.0593,   0.1570,   0.0716,   0.0701,  -0.7336,   1.6768,  # 27695
1.4  0.2982,  -0.0671,  -0.0566,   0.1571,   0.0713,   0.0699,  -0.7364,   1.6774,  # 27695
1.4  0.2988,  -0.0663,  -0.0548,   0.1573,   0.0712,   0.0696,  -0.7385,   1.6780,  # 27695
1.4  0.2992,  -0.0658,  -0.0538,   0.1573,   0.0712,   0.0695,  -0.7397,   1.6782,  # 27695
1.4  0.2993,  -0.0657,  -0.0533,   0.1573,   0.0711,   0.0696,  -0.7401,   1.6784,  # 27695
