1.0   0.346129573124024,   -0.171281341865068,   -0.254360522251090,    0.142376505292374,    0.068863262440634,    0.063406383004449,   -0.281718451567454,    0.656689235043292,  # 46249
1.0   0.346162708578677,   -0.171272998877277,   -0.254391832418515,    0.142374579679917,    0.068871077268655,    0.063415676014078,   -0.281753172006041,    0.656748951390501,  # 46249
1.0   0.346264788603205,   -0.171247293657714,   -0.254488278811903,    0.142368647023566,    0.068895150970297,    0.063444301102817,   -0.281860145561830,    0.656932943114485,  # 46249
1.0   0.346439935535136,   -0.171203178329282,   -0.254653722728370,    0.142358466325010,    0.068936451395639,    0.063493402169245,   -0.282043726356363,    0.657248717907957,  # 46249
1.0   0.346692418468429,   -0.171139559838927,   -0.254892135988377,    0.142343786870144,    0.068995977351105,    0.063564154175409,   -0.282308450938581,    0.657704112914113,  # 46249
1.0   0.347026649102755,   -0.171055299456638,   -0.255207591654640,    0.142324348248518,    0.069074756886718,    0.063657760134400,   -0.282659039345044,    0.658307299500758,  # 46249
1.0   0.347447176014828,   -0.170949212476286,   -0.255604252540701,    0.142299880437388,    0.069173845089658,    0.063775447452213,   -0.283100395205668,    0.659066786766953,  # 46249
1.0   0.347958677159138,   -0.170820068149841,   -0.256086357254305,    0.142270103959594,    0.069294321320875,    0.063918463560676,   -0.283637604758969,    0.659991423582343,  # 46249
1.0   0.348565950392165,   -0.170666589888899,   -0.256658203502008,    0.142234730125212,    0.069437285825829,    0.064088070775745,   -0.284275934631264,    0.661090398944690,  # 46249
1.0   0.349273901802777,   -0.170487455770589,   -0.257324128369380,    0.142193461367875,    0.069603855646325,    0.064285540315011,   -0.285020828223998,    0.662373240424733,  # 46249
1.0   0.350087531623104,   -0.170281299386973,   -0.258088485280508,    0.142145991687325,    0.069795159756530,    0.064512145408472,   -0.285877900546602,    0.663849810456746,  # 46249
1.0   0.351011917483244,   -0.170046711080549,   -0.258955617330928,    0.142092007210886,    0.070012333342563,    0.064769153437496,   -0.286852931322142,    0.665530300217339,  # 46249
1.0   0.352052194769578,   -0.169782239610270,   -0.259929826685857,    0.142031186887179,    0.070256511143085,    0.065057817039807,   -0.287951856188516,    0.667425220827027,  # 46249
1.0   0.353213533839580,   -0.169486394295895,   -0.261015339734586,    0.141963203326578,    0.070528819766723,    0.065379364121883,   -0.289180755810142,    0.669545391597187,  # 46249
1.0   0.354501113849031,   -0.169157647690123,   -0.262216267702404,    0.141887723803661,    0.070830368903393,    0.065734986726585,   -0.290545842714039,    0.671901925042005,  # 46249
1.0   0.355920092949505,   -0.168794438830582,   -0.263536562435986,    0.141804411437913,    0.071162241349062,    0.066125828711495,   -0.292053445661572,    0.674506208370690,  # 46249
1.0   0.357475574622440,   -0.168395177125604,   -0.264979967102480,    0.141712926569934,    0.071525481768500,    0.066552972203283,   -0.293709991368684,    0.677369881176928,  # 46249
1.0   0.359172569930283,   -0.167958246929343,   -0.266549961579775,    0.141612928351300,    0.071921084129210,    0.067017422806451,   -0.295521983391828,    0.680504809048727,  # 46249
1.0   0.361015955486839,   -0.167482012862587,   -0.268249702364172,    0.141504076567042,    0.072349977751489,    0.067520093560166,   -0.297495978006132,    0.683923052835089,  # 46249
1.0   0.363010426974766,   -0.166964825936858,   -0.270081956883906,    0.141386033710798,    0.072813011935329,    0.068061787655244,   -0.299638556912915,    0.687636833322375,  # 46249
1.0   0.365160448073892,   -0.166405030539081,   -0.272049032184623,    0.141258467333327,    0.073310939145005,    0.068643179944795,   -0.301956296631131,    0.691658491099388,  # 46249
1.0   0.367470194709199,   -0.165800972333142,   -0.274152698048283,    0.141121052685747,    0.073844396757297,    0.069264797307071,   -0.304455734450095,    0.696000441424795,  # 46249
1.0   0.369943494580573,   -0.165151007133987,   -0.276394104724557,    0.140973475679716,    0.074413887410943,    0.069926997948806,   -0.307143330846645,    0.700675123950245,  # 46249
1.0   0.372583761998585,   -0.164453510806449,   -0.278773695578546,    0.140815436186887,    0.075019758028806,    0.070629949767682,   -0.310025428304533,    0.705694947205714,  # 46249
1.0   0.375393928125929,   -0.163706890237910,   -0.281291115116286,    0.140646651700242,    0.075662177627276,    0.071373607930091,   -0.313108206512617,    0.711072227812569,  # 46249
1.0   0.378376366807959,   -0.162909595429031,   -0.283945113019058,    0.140466861379956,    0.076341114074202,    0.072157691859828,   -0.316397633964881,    0.716819124461553,  # 46249
1.0   0.381532816268492,   -0.162060132740272,   -0.286733445002030,    0.140275830505677,    0.077056310007612,    0.072981661875327,   -0.319899416036644,    0.722947566770928,  # 46249
1.0   0.384864297053359,   -0.161157079324242,   -0.289652771522326,    0.140073355356359,    0.077807258185463,    0.073844695760453,   -0.323618939670993,    0.729469179230679,  # 46249
1.0   0.388371026715301,   -0.160199098764211,   -0.292698555574948,    0.139859268537121,    0.078593176595716,    0.074745665601284,   -0.327561214873153,    0.736395200534831,  # 46249
1.0   0.392052331853332,   -0.159184957927732,   -0.295864961042248,    0.139633444770389,    0.079412983718843,    0.075683115271583,   -0.331730813279822,    0.743736398707953,  # 46249
1.0   0.395906558244672,   -0.158113545030903,   -0.299144753292716,    0.139395807165514,    0.080265274398150,    0.076655239000142,   -0.336131804143889,    0.751502982540314,  # 46249
1.0   0.399930979937190,   -0.156983888892937,   -0.302529203956765,    0.139146333977032,    0.081148296836690,    0.077659861503927,   -0.340767688153217,    0.759704509961023,  # 46249
1.0   0.404121708292350,   -0.155795179342847,   -0.306008002016482,    0.138885065856359,    0.082059931296343,    0.078694420215892,   -0.345641329577020,    0.768349794085139,  # 46249
1.0   0.408473602095702,   -0.154546788719833,   -0.309569173555517,    0.138612113595454,    0.082997671130615,    0.079755950181547,   -0.350754887312890,    0.777446807783154,  # 46249
1.0   0.412980179965426,   -0.153238294385590,   -0.313199012683180,    0.138327666352712,    0.083958606826611,    0.080841072233355,   -0.356109745481737,    0.787002587720815,  # 46249
1.0   0.417633536388479,   -0.151869502141428,   -0.316882026277870,    0.138032000341712,    0.084939413764798,    0.081945985078265,   -0.361706444285717,    0.797023138904793,  # 46249
1.0   0.422424262803613,   -0.150440470414280,   -0.320600895288402,    0.137725487951801,    0.085936344426831,    0.083066461950802,   -0.367544611909250,    0.807513340847568,  # 46249
1.0   0.427341375207807,   -0.148951535044265,   -0.324336455349409,    0.137408607255649,    0.086945225782037,    0.084197852482503,   -0.373622898292464,    0.818476856514374,  # 46249
1.0   0.432372249804832,   -0.147403334471411,   -0.328067699430878,    0.137081951842883,    0.087961462567585,    0.085335090423503,   -0.379938911650378,    0.829916045250368,  # 46249
1.0   0.437502568220882,   -0.145796835080764,   -0.331771805121779,    0.136746240900060,    0.088980047138127,    0.086472707815885,   -0.386489158636617,    0.841831880886798,  # 46249
1.0   0.442716273786976,   -0.144133356423062,   -0.335424188934730,    0.136402329435963,    0.089995576495307,    0.087604856158419,   -0.393268989063643,    0.854223876200412,  # 46249
1.0   0.447995540335612,   -0.142414595981668,   -0.338998589734815,    0.136051218526782,    0.091002277021838,    0.088725335023857,   -0.400272546090707,    0.867090014845713,  # 46249
1.0   0.453320754867608,   -0.140642653105395,   -0.342467182997375,    0.135694065428186,    0.091994037327461,    0.089827628481449,   -0.407492722774174,    0.880426691792323,  # 46249
1.0   0.458670515326336,   -0.138820051671879,   -0.345800727125549,    0.135332193370989,    0.092964449475323,    0.090904949548484,   -0.414921125844860,    0.894228663183167,  # 46249
1.0   0.464021644571801,   -0.136949760985364,   -0.348968742490401,    0.134967100823529,    0.093906858692504,    0.091950292740369,   -0.422548047538895,    0.908489006389370,  # 46249
1.0   0.469349221484123,   -0.135035214346851,   -0.351939723217359,    0.134600469967214,    0.094814421483434,    0.092956494614461,   -0.430362446262896,    0.923199090873943,  # 46249
1.0   0.474626629943756,   -0.133080324665190,   -0.354681381026494,    0.134234174093265,    0.095680171859068,    0.093916302007331,   -0.438351936823387,    0.938348560295790,  # 46249
1.0   0.479825626259245,   -0.131089496403658,   -0.357160919687419,    0.133870283588015,    0.096497095179616,    0.094822447459700,   -0.446502790903424,    0.953925326094755,  # 46249
1.0   0.484916425444915,   -0.129067633077923,   -0.359345337864903,    0.133511070132212,    0.097258208883106,    0.095667731106395,   -0.454799948434007,    0.969915572613634,  # 46249
1.0   0.489867806590817,   -0.127020139446396,   -0.361201757339711,    0.133159008699743,    0.097956649144918,    0.096445108088942,   -0.463227040471680,    0.986303773613566,  # 46249
1.0   0.494647237457958,   -0.124952917455529,   -0.362697772834338,    0.132816776901760,    0.098585762295699,    0.097147780336595,   -0.471766424190610,    1.003072719874291,  # 46249
1.0   0.499221018348376,   -0.122872354934545,   -0.363801818953095,    0.132487251188560,    0.099139199617733,    0.097769291358891,   -0.480399230598512,    1.020203557398714,  # 46249
1.0   0.503554445278671,   -0.120785305973643,   -0.364483549104733,    0.132173499394445,    0.099611013954498,    0.098303622510560,   -0.489105425618466,    1.037675835603668,  # 46249
1.0   0.507611992520409,   -0.118699061877731,   -0.364714220738406,    0.131878769094505,    0.099995756412538,    0.098745289035872,   -0.497863885225715,    1.055467564749856,  # 46249
1.0   0.511357514670844,   -0.116621311570060,   -0.364467080804322,    0.131606471240790,    0.100288571313405,    0.099089434078838,   -0.506652485395611,    1.073555281755183,  # 46249
1.0   0.514754468583568,   -0.114560090332196,   -0.363717745068711,    0.131360158561259,    0.100485287472428,    0.099331918764459,   -0.515448207701767,    1.091914123442475,  # 46249
1.0   0.517766155711398,   -0.112523715824426,   -0.362444564781263,    0.131143498246028,    0.100582503845351,    0.099469406419644,   -0.524227261486024,    1.110517906176727,  # 46249
1.0   0.520355985697312,   -0.110520710435630,   -0.360628974223905,    0.130960238513178,    0.100577667597219,    0.099499439014401,   -0.532965223608447,    1.129339210759100,  # 46249
1.0   0.522487762364177,   -0.108559709180615,   -0.358255812845460,    0.130814168748607,    0.100469142707816,    0.099420503962377,   -0.541637196851177,    1.148349471339289,  # 46249
1.0   0.524125993600717,   -0.106649352600817,   -0.355313616015867,    0.130709073054266,    0.100256267337193,    0.099232089527617,   -0.550217988094580,    1.167519066990818,  # 46249
1.0   0.525236226974294,   -0.104798164441432,   -0.351794868876441,    0.130648677220915,    0.099939398325084,    0.098934727233492,   -0.558682307382883,    1.186817414450575,  # 46249
1.0   0.525785413222248,   -0.103014414281754,   -0.347696218341286,    0.130636589369731,    0.099519941395115,    0.098530019865985,   -0.567004988948038,    1.206213060365891,  # 46249
1.0   0.525742300017350,   -0.101305965786019,   -0.343018638919118,    0.130676234781325,    0.099000365853819,    0.098020653882441,   -0.575161235143381,    1.225673771215681,  # 46249
1.0   0.525077858560368,   -0.099680111825794,   -0.337767548733985,    0.130770785753360,    0.098384202831259,    0.097410395293699,   -0.583126884042888,    1.245166618896089,  # 46249
1.0   0.523765745556841,   -0.098143398390211,   -0.331952872813078,    0.130923087692821,    0.097676026374162,    0.096704068352384,   -0.590878701176543,    1.264658059806792,  # 46249
1.0   0.521782802957848,   -0.096701439947396,   -0.325589051426057,    0.131135583054372,    0.096881416985297,    0.095907516663913,   -0.598394695482443,    1.284114005169275,  # 46249
1.0   0.519109597405008,   -0.095358729722299,   -0.318694991916790,    0.131410235165411,    0.096006907480286,    0.095027546615439,   -0.605654459050036,    1.303499880299235,  # 46249
1.0   0.515731000576490,   -0.094118449205793,   -0.311293963130489,    0.131748454423200,    0.095059911319787,    0.094071853305934,   -0.612639529582301,    1.322780670676556,  # 46249
1.0   0.511636810485692,   -0.092982282064952,   -0.303413432130694,    0.132151029781832,    0.094048633848284,    0.093048929434867,   -0.619333773703347,    1.341920952973005,  # 46249
1.0   0.506822412157913,   -0.091950238465438,   -0.295084843517069,    0.132618068844565,    0.092981967151908,    0.091967957888519,   -0.625723788232588,    1.360884909747484,  # 46249
1.0   0.501289473911491,   -0.091020496588197,   -0.286343342289732,    0.133148950198261,    0.091869369529705,    0.090838689044713,   -0.631799315315608,    1.379636327370413,  # 46249
1.0   0.495046672551940,   -0.090189268799420,   -0.277227441923035,    0.133742291834649,    0.090720730868349,    0.089671304110906,   -0.637553665751727,    1.398138577912973,  # 46249
1.0   0.488110437069256,   -0.089450700449035,   -0.267778640207674,    0.134395939536451,    0.089546225536660,    0.088476266134324,   -0.642984142944630,    1.416354587290408,  # 46249
1.0   0.480505695727985,   -0.088796809605939,   -0.258040986549942,    0.135106978910880,    0.088356154781603,    0.087264160684148,   -0.648092457482200,    1.434246793858244,  # 46249
1.0   0.472266605675955,   -0.088217476128204,   -0.248060605885172,    0.135871774250041,    0.087160781027741,    0.086045528620415,   -0.652885119341809,    1.451777103946530,  # 46249
1.0   0.463437237193706,   -0.087700488315823,   -0.237885186247530,    0.136686036519840,    0.085970156967292,    0.084830693842445,   -0.657373790912378,    1.468906853387039,  # 46249
1.0   0.454072176484270,   -0.087231654966682,   -0.227563439470139,    0.137544921435931,    0.084793952890638,    0.083629589463612,   -0.661575579324334,    1.485596786902304,  # 46249
1.0   0.444237001324449,   -0.086794990013209,   -0.217144547417571,    0.138443156715023,    0.083641286316213,    0.082451586458588,   -0.665513240726050,    1.501807070101158,  # 46249
1.0   0.434008573218907,   -0.086372976088577,   -0.206677609771902,    0.139375195124403,    0.082520558648533,    0.081305329488004,   -0.669215262064256,    1.517497351649572,  # 46249
1.0   0.423475078099389,   -0.085946912479557,   -0.196211113554128,    0.140335386875791,    0.081439304251150,    0.080198585252146,   -0.672715777473301,    1.532626895708858,  # 46249
1.0   0.412735735678979,   -0.085497352097998,   -0.185792449280487,    0.141318161257066,    0.080404057931126,    0.079138109323519,   -0.676054266634425,    1.547154806732906,  # 46249
1.0   0.401900086299743,   -0.085004631463879,   -0.175467503737315,    0.142318203293118,    0.079420247307941,    0.078129537873785,   -0.679274971836182,    1.561040369923583,  # 46249
1.0   0.391086754964741,   -0.084449497339037,   -0.165280364414113,    0.143330606961605,    0.078492116781109,    0.077177310942953,   -0.682425959823138,    1.574243530690681,  # 46249
1.0   0.380421587663360,   -0.083813833439014,   -0.155273174980252,    0.144350982520229,    0.077622689697398,    0.076284633779609,   -0.685557745742224,    1.586725534929011,  # 46249
1.0   0.370035058694834,   -0.083081490126866,   -0.145486183637049,    0.145375492587851,    0.076813774722195,    0.075453482184124,   -0.688721392840070,    1.598449748143740,  # 46249
1.0   0.360058864716402,   -0.082239218046582,   -0.135958024643897,    0.146400790830714,    0.076066021166413,    0.074684656541159,   -0.691966008365607,    1.609382664432918,  # 46249
1.0   0.350621659000764,   -0.081277701319279,   -0.126726264814493,    0.147423839891424,    0.075379025957059,    0.073977887183972,   -0.695335581353508,    1.619495104556733,  # 46249
1.0   0.341843947126087,   -0.080192674204296,   -0.117828227034083,    0.148441593342241,    0.074751491873586,    0.073331990703352,   -0.698865162338542,    1.628763583717334,  # 46249
1.0   0.333832273166736,   -0.078986083210481,   -0.109302066924360,    0.149450541823531,    0.074181432462715,    0.072745072663188,   -0.702576480955215,    1.637171801706674,  # 46249
1.0   0.326672981236160,   -0.077667220868721,   -0.101188022227852,    0.150446147581329,    0.073666413629258,    0.072214766854640,   -0.706473245440529,    1.644712168668759,  # 46249
1.0   0.320426040094064,   -0.076253706389174,   -0.093529676269221,    0.151422224317309,    0.073203815469150,    0.071738494900893,   -0.710536569953150,    1.651387228771995,  # 46249
1.0   0.315119649137176,   -0.074772126620521,   -0.086374983779915,    0.152370357588650,    0.072791091097313,    0.071313723337667,   -0.714721213013363,    1.657210786401830,  # 46249
1.0   0.310746553307458,   -0.073258092378776,   -0.079776719340174,    0.153279497228167,    0.072425993359998,    0.070938189547122,   -0.718953531958714,    1.662208487968489,  # 46249
1.0   0.307263097010102,   -0.071755437026355,   -0.073791961758811,    0.154135874092520,    0.072106737552962,    0.070610065211411,   -0.723132172360691,    1.666417590040852,  # 46249
1.0   0.304591932272665,   -0.070314322170397,   -0.068480269899416,    0.154923381638185,    0.071832071280559,    0.070328028902918,   -0.727132396793440,    1.669885681628044,  # 46249
1.0   0.302628866233767,   -0.068988152187723,   -0.063900380003321,    0.155624503099460,    0.071601233692177,    0.070091230292796,   -0.730814505850515,    1.672668251939918,  # 46249
1.0   0.301253570022702,   -0.067829441680386,   -0.060105570319617,    0.156221754260411,    0.071413805810898,    0.069899147517000,   -0.734035994418196,    1.674825209668928,  # 46249
1.0   0.300342905682807,   -0.066885085619075,   -0.057138240591595,    0.156699469271437,    0.071269478305240,    0.069751363342937,   -0.736666058384250,    1.676416728838295,  # 46249
1.0   0.299784754024758,   -0.066191753924901,   -0.055024614668854,    0.157045626676048,    0.071167785613628,    0.069647307858186,   -0.738600141218108,    1.677499036985148,  # 46249
1.0   0.299489812245615,   -0.065772248918826,   -0.053770635019134,    0.157253350169183,    0.071107866925027,    0.069586026772329,   -0.739771787754308,    1.678120870318077,  # 46249
1.0   0.299399136612415,   -0.065633539907496,   -0.053359965725935,    0.157321762990753,    0.071088308750254,    0.069566028830404,   -0.740159437900784,    1.678321224835325,  # 46249
